function y = get_the_star_standar(~)
y =  [261.626,261.626,391.995,391.995,440.000,440.000,391.995,...
      349.228,349.228,329.628,329.628,293.665,293.665,261.626,...
      391.995,391.995,349.228,349.228,329.628,329.628,293.665,...
      391.995,391.995,349.228,349.228,329.628,329.628,293.665,...
      261.626,261.626,391.995,391.995,440.000,440.000,391.995,...
      349.228,349.228,329.628,329.628,293.665,293.665,261.626];
end